
Conductor: 2360.8984467983246
Conductor: 1.3828277587890625e-05