
EventBus: 313.272234916687
EventBus: 1.0013580322265625e-05