
Gson: 842.0445144176483
Gson: 1.3113021850585938e-05