
Jadx: 10680.656147241592
Jadx: 1.3828277587890625e-05