
LibGdx: 94.26485872268677
LibGdx: 17.624882221221924
LibGdx: 16.357579469680786