
LibGdx: 551.2049164772034
LibGdx: 526.5654997825623