
LibGdx: 551.2049164772034
LibGdx: 526.5654997825623
LibGdx: 66962.28865599632