
LitiEngine: 11267.627460479736
LitiEngine: 1.3113021850585938e-05