
LottieAndroid: 443.2236099243164
LottieAndroid: 3440.8660876750946