
Mockito: 3656.045405626297
Mockito: 1.4066696166992188e-05
Mockito: 1.621246337890625e-05
Mockito: 1.2636184692382812e-05