
Mockito: 3656.045405626297
Mockito: 1.4066696166992188e-05