
MPAndroid: 1637.0889732837677
MPAndroid: 1619.2597930431366
MPAndroid: 1.1920928955078125e-05