
MPAndroid: 1.7404556274414062e-05
MPAndroid: 2.8133392333984375e-05