
MPAndroid: 1.7404556274414062e-05
MPAndroid: 2.8133392333984375e-05
MPAndroid: 1.2636184692382812e-05
MPAndroid: 1.8358230590820312e-05