
NullAway: 529.5959041118622
NullAway: 1.2874603271484375e-05