
PhotoView: 227.4164080619812
PhotoView: 93.12129044532776
PhotoView: 8.821487426757812e-06