
PhotoView: 203.90927600860596
PhotoView: 201.702082157135
PhotoView: 208.60755896568298