
PhotoView: 227.4164080619812
PhotoView: 93.12129044532776