
SpringBoot: 231.50421905517578
SpringBoot: 83.35282921791077