
SpringBoot: 277.9612486362457
SpringBoot: 112.59396529197693
SpringBoot: 48.933361768722534