
SpringBoot: 182.16829752922058
SpringBoot: 31.80912685394287