
SpringBoot: 277.9612486362457
SpringBoot: 112.59396529197693