
LitiEngine: 14509.471459388733
EventBus: 450.53266501426697
Gson: 1066.1428847312927
NullAway: 649.1463537216187
Jadx: 7417.727598667145
Conductor: 4331.26168513298
Zuul: 1707.304707288742
Retrofit: 82.44941902160645
LottieAndroid: 3440.8660876750946