
Conductor: 179.1157250404358
LitiEngine: 14509.471459388733
NullAway: 777.0534446239471
EventBus: 450.53266501426697
Gson: 1066.1428847312927
NullAway: 478.68069338798523
NullAway: 462.11769366264343
NullAway: 479.2708570957184
NullAway: 686.9270915985107
NullAway: 396.8878469467163
NullAway: 397.81141090393066
NullAway: 398.90249395370483
NullAway: 394.5386459827423