
Conductor: 179.1157250404358
LitiEngine: 14509.471459388733
NullAway: 777.0534446239471
EventBus: 450.53266501426697
Gson: 1066.1428847312927
NullAway: 478.68069338798523
NullAway: 462.11769366264343