
Conductor: 179.1157250404358
LitiEngine: 14509.471459388733
NullAway: 777.0534446239471
EventBus: 450.53266501426697
Gson: 1066.1428847312927
NullAway: 649.1463537216187
Conductor: 149.32138061523438
Jadx: 7417.727598667145
Conductor: 4331.26168513298
Zuul: 1707.304707288742