
Conductor: 179.1157250404358
LitiEngine: 14509.471459388733