
Conductor: 179.1157250404358
LitiEngine: 14509.471459388733
NullAway: 777.0534446239471
EventBus: 450.53266501426697