
Zuul: 1734.1989703178406
Zuul: 1.0251998901367188e-05